{"rates":
  {
    "CAD":1.2496226732,
    "HKD":7.765721952,
    "ISK":126.7818212309,
    "PHP":48.5015931578,
    "DKK":6.2351165521,
    "HUF":307.6471574711,
    "CZK":21.8639946336,
    "GBP":0.723067248
  }
}
